#  Matrix made by Lucas Martiniano
#  * column uses minimum score
#  MUSSUM Scoring Matrix
    A   R   N   D   C   Q   E   G   H   I   L   K   M   F   P   S   T  W  Y  V  B  Z  X  *
A   8  -1  -2  -3  -4  -5  -6  -7  -8  -9 -10 -11   0   0   0   0   0  0  0  0  0  0  0  0
R  -1   8  -1  -2  -3  -4  -5  -6  -7  -8  -9 -10   0   0   0   0   0  0  0  0  0  0  0  0
N  -2  -1   4  -1  -2  -3  -4  -5  -6  -7  -8  -9   0   0   0   0   0  0  0  0  0  0  0  0
D  -3  -2  -1  10  -1  -2  -3  -4  -5  -6  -7  -8   0   0   0   0   0  0  0  0  0  0  0  0
C  -4  -3  -2  -1   5  -1  -2  -3  -4  -5  -6  -7   0   0   0   0   0  0  0  0  0  0  0  0
Q  -5  -4  -3  -2  -1   5  -1  -2  -3  -4  -5  -6   0   0   0   0   0  0  0  0  0  0  0  0
E  -6  -5  -4  -3  -2  -1   6  -1  -2  -3  -4  -5   0   0   0   0   0  0  0  0  0  0  0  0
G  -7  -6  -5  -4  -3  -2  -1   5  -1  -2  -3  -4   0   0   0   0   0  0  0  0  0  0  0  0
H  -8  -7  -6  -5  -4  -3  -2  -1  10  -1  -2  -3   0   0   0   0   0  0  0  0  0  0  0  0
I  -9  -8  -7  -6  -5  -4  -3  -2  -1   4  -1  -2   0   0   0   0   0  0  0  0  0  0  0  0
L -10  -9  -8  -7  -6  -5  -4  -3  -2  -1  10  -1   0   0   0   0   0  0  0  0  0  0  0  0
K -11 -10  -9  -8  -7  -6  -5  -4  -3  -2  -1   5   0   0   0   0   0  0  0  0  0  0  0  0
M   0   0   0   0   0   0   0   0   0   0   0   0   0   0   0   0   0  0  0  0  0  0  0  0
F   0   0   0   0   0   0   0   0   0   0   0   0   0   0   0   0   0  0  0  0  0  0  0  0
P   0   0   0   0   0   0   0   0   0   0   0   0   0   0   0   0   0  0  0  0  0  0  0  0
S   0   0   0   0   0   0   0   0   0   0   0   0   0   0   0   0   0  0  0  0  0  0  0  0
T   0   0   0   0   0   0   0   0   0   0   0   0   0   0   0   0   0  0  0  0  0  0  0  0
W   0   0   0   0   0   0   0   0   0   0   0   0   0   0   0   0   0  0  0  0  0  0  0  0
Y   0   0   0   0   0   0   0   0   0   0   0   0   0   0   0   0   0  0  0  0  0  0  0  0
V   0   0   0   0   0   0   0   0   0   0   0   0   0   0   0   0   0  0  0  0  0  0  0  0
B   0   0   0   0   0   0   0   0   0   0   0   0   0   0   0   0   0  0  0  0  0  0  0  0
Z   0   0   0   0   0   0   0   0   0   0   0   0   0   0   0   0   0  0  0  0  0  0  0  0
X   0   0   0   0   0   0   0   0   0   0   0   0   0   0   0   0   0  0  0  0  0  0  0  0
*   0   0   0   0   0   0   0   0   0   0   0   0   0   0   0   0   0  0  0  0  0  0  0  0